"","V1","V2","V3","V4"
"0",0.024,0.02,0.028,0.012
"0.1",0.048,0.04,0.012,0.024
"0.2",0.028,0.012,0.012,0.024
"0.3",0.016,0.044,0.028,0.012
"0.4",0.008,0.016,0.04,0.032
"0.5",0.044,0.028,0.028,0.016
"0.6",0.028,0.048,0.028,0.036
"0.7",0.04,0.012,0.032,0.032
"0.8",0.048,0.028,0.048,0.036
"0.9",0.048,0.052,0.036,0.028
"1",0.052,0.06,0.052,0.02
"1.1",0.028,0.036,0.032,0.04
"1.2",0.056,0.056,0.016,0.028
"1.3",0.068,0.04,0.024,0.068
"1.4",0.024,0.036,0.024,0.044
"1.5",0.04,0.036,0.032,0.052
"1.6",0.036,0.044,0.076,0.048
"1.7",0.036,0.02,0.016,0.036
"1.8",0.036,0.02,0.052,0.048
"1.9",0.02,0.016,0.04,0.036
"2",0.028,0.016,0.052,0.02
"2.1",0.008,0.028,0.024,0.032
"2.2",0.02,0.024,0.032,0.028
"2.3",0.02,0.008,0.032,0.032
"2.4",0.012,0.012,0.012,0.02
"2.5",0.012,0.02,0.02,0.02
"2.6",0.008,0.02,0.016,0.004
"2.7",0.016,0.008,0.008,0.024
"2.8",0.004,0.012,0.012,0.004
"2.9",0.012,0.004,0.004,0.016
"3",0.008,0.008,0.012,0.008
"3.1",0,0.004,0.012,0
"3.2",0,0.016,0.004,0.016
"3.3",0,0.02,0.008,0
"3.4",0,0.004,0,0
"3.5",0,0.004,0,0.004
"3.6",0,0,0,0.004
"3.7",0,0,0.004,0.004
"3.8",0,0,0.004,0
"3.9",0.004,0,0,0
"4",0,0,0.004,0.004
"4.1",0,0,0,0
"4.2",0,0,0,0
"4.3",0,0,0,0
"4.4",0,0,0,0
"4.5",0,0,0,0
"4.6",0,0,0,0
"4.7",0,0,0,0
"4.8",0,0,0,0
"4.9",0,0,0,0
"5",0,0,0,0
"5.1",0,0,0.004,0
"5.2",0,0,0,0
"5.3",0,0,0,0
"5.4",0,0,0,0
"5.5",0,0,0,0
"5.6",0,0,0,0
"5.7",0,0,0,0
"5.8",0,0,0,0
"5.9",0,0,0,0
"6",0,0,0,0
"6.1",0,0,0,0
"6.2",0,0,0,0
"6.3",0,0,0,0
"6.4",0,0,0,0
"6.5",0,0,0,0
"6.6",0,0,0,0
"6.7",0,0,0,0
"6.8",0,0,0,0
"6.9",0,0,0,0
"7",0,0,0,0
"7.1",0,0,0,0
"7.2",0,0,0,0
"7.3",0,0,0,0
"7.4",0,0,0,0
"7.5",0,0,0,0
"7.6",0,0,0,0
"7.7",0,0,0,0
"7.8",0,0,0,0
"7.9",0,0,0,0
"8",0,0,0,0
"8.1",0,0,0,0
"8.2",0,0,0,0
"8.3",0,0,0,0
"8.4",0,0,0,0
"8.5",0,0,0,0
"8.6",0,0,0,0
"8.7",0,0,0,0
"8.8",0,0,0,0
"8.9",0,0,0,0
"9",0,0,0,0
"9.1",0,0,0,0
"9.2",0,0,0,0
"9.3",0,0,0,0
"9.4",0,0,0,0
"9.5",0,0,0,0
"9.6",0,0,0,0
"9.7",0,0,0,0
"9.8",0,0,0,0
"9.9",0,0,0,0
"10",0,0,0,0
"10.1",0,0,0,0
"10.2",0,0,0,0
"10.3",0,0,0,0
"10.4",0,0,0,0
"10.5",0,0,0,0
"10.6",0,0,0,0
"10.7",0,0,0,0
"10.8",0,0,0,0
"10.9",0,0,0,0
"11",0,0,0,0
"11.1",0,0,0,0
"11.2",0,0,0,0
"11.3",0,0,0,0
"11.4",0,0,0,0
"11.5",0,0,0,0
"11.6",0,0,0,0
"11.7",0,0,0,0
"11.8",0,0,0,0
"11.9",0,0,0,0
"12",0,0,0,0
"12.1",0,0,0,0
"12.2",0,0,0,0
"12.3",0,0,0,0
"12.4",0,0,0,0
"12.5",0,0,0,0
"12.6",0,0,0,0
"12.7",0,0,0,0
"12.8",0,0,0,0
"12.9",0,0,0,0
"13",0,0,0,0
