"","V1","V2","V3","V4"
"0",0,0,0,0
"0.1",0,0,0,0
"0.2",0,0,0,0
"0.3",0,0,0,0
"0.4",0,0,0,0
"0.5",0,0,0,0
"0.6",0,0,0,0
"0.7",0,0,0,0
"0.8",0,0,0,0
"0.9",0,0,0,0
"1",0,0,0,0
"1.1",0,0,0,0
"1.2",0,0,0,0
"1.3",0,0,0,0
"1.4",0,0,0,0
"1.5",0,0,0,0
"1.6",0,0,0,0
"1.7",0,0,0,0
"1.8",0,0,0,0
"1.9",0,0,0,0
"2",0,0,0,0
"2.1",0,0,0,0
"2.2",0,0,0,0
"2.3",0,0,0,0
"2.4",0,0,0,0
"2.5",0,0,0,0
"2.6",0,0,0,0
"2.7",0,0,0,0
"2.8",0,0,0,0
"2.9",0,0,0,0
"3",0,0,0,0
"3.1",0,0,0,0
"3.2",0,0,0,0
"3.3",0,0,0,0
"3.4",0,0,0,0
"3.5",0,0,0,0
"3.6",0,0,0,0
"3.7",0,0,0,0
"3.8",0,0,0,0
"3.9",0,0,0,0
"4",0,0,0,0
"4.1",0,0,0,0
"4.2",0,0,0,0
"4.3",0,0,0,0
"4.4",0,0,0,0
"4.5",0,0,0,0
"4.6",0,0,0,0
"4.7",0,0,0,0
"4.8",0,0,0,0
"4.9",0,0,0,0
"5",0,0,0,0
"5.1",0,0,0,0
"5.2",0,0,0,0
"5.3",0,0,0,0
"5.4",0,0,0,0.004
"5.5",0,0,0,0
"5.6",0,0,0,0
"5.7",0,0,0,0.008
"5.8",0,0,0,0
"5.9",0,0,0,0
"6",0.004,0,0,0.008
"6.1",0,0,0.004,0
"6.2",0,0,0,0.004
"6.3",0,0,0,0.012
"6.4",0,0,0.004,0.008
"6.5",0,0,0,0.008
"6.6",0,0,0.004,0.008
"6.7",0,0.004,0,0.004
"6.8",0,0,0,0.004
"6.9",0,0,0,0.016
"7",0,0,0.004,0.016
"7.1",0,0,0,0.036
"7.2",0,0,0.004,0.008
"7.3",0,0,0.008,0.024
"7.4",0.004,0.004,0.012,0.012
"7.5",0,0,0.016,0.012
"7.6",0,0,0.004,0.024
"7.7",0,0,0.012,0.044
"7.8",0,0.012,0.016,0.032
"7.9",0,0.012,0.024,0.028
"8",0,0.008,0.016,0.052
"8.1",0,0.008,0.028,0.02
"8.2",0,0.004,0.016,0.032
"8.3",0,0.012,0.032,0.052
"8.4",0.004,0.012,0.056,0.024
"8.5",0.004,0.004,0.032,0.04
"8.6",0,0.016,0.036,0.028
"8.7",0.012,0.008,0.036,0.04
"8.8",0.004,0.024,0.06,0.044
"8.9",0.012,0.028,0.048,0.032
"9",0.008,0.024,0.04,0.016
"9.1",0.02,0.052,0.04,0.04
"9.2",0.02,0.032,0.04,0.036
"9.3",0.008,0.04,0.024,0.036
"9.4",0.028,0.036,0.036,0.024
"9.5",0.024,0.024,0.02,0.02
"9.6",0.02,0.048,0.04,0.028
"9.7",0.028,0.02,0.032,0.024
"9.8",0.028,0.024,0.032,0.012
"9.9",0.032,0.048,0.032,0.028
"10",0.032,0.064,0.04,0.004
"10.1",0.048,0.048,0.028,0.016
"10.2",0.032,0.032,0.016,0.012
"10.3",0.048,0.032,0.016,0.008
"10.4",0.044,0.04,0.016,0
"10.5",0.04,0.02,0.012,0.004
"10.6",0.056,0.04,0.016,0.004
"10.7",0.044,0.024,0.008,0
"10.8",0.008,0.024,0.004,0
"10.9",0.044,0.024,0.004,0.004
"11",0.012,0.02,0.008,0
"11.1",0.04,0.016,0.008,0
"11.2",0.016,0.028,0,0
"11.3",0.048,0.02,0,0
"11.4",0.044,0.016,0.008,0
"11.5",0.012,0.004,0,0
"11.6",0.036,0.004,0.004,0
"11.7",0.008,0.004,0,0
"11.8",0.032,0,0,0
"11.9",0.012,0.004,0,0
"12",0.024,0,0,0
"12.1",0,0.004,0.004,0
"12.2",0.012,0.008,0,0
"12.3",0,0.008,0,0
"12.4",0.016,0,0,0
"12.5",0.012,0.004,0,0
"12.6",0,0,0,0
"12.7",0,0.004,0,0
"12.8",0.004,0,0,0
"12.9",0,0.004,0,0
"13",0.016,0,0,0
