"","V1","V2","V3","V4"
"0",0.004,0,0.008,0
"0.1",0.004,0,0,0.004
"0.2",0.004,0,0,0.008
"0.3",0.004,0.004,0.004,0.004
"0.4",0.012,0.008,0.004,0.004
"0.5",0.004,0,0.004,0.004
"0.6",0.004,0.008,0.008,0.004
"0.7",0,0,0.008,0.008
"0.8",0.02,0,0.008,0
"0.9",0.004,0,0.004,0.004
"1",0,0.016,0.008,0.004
"1.1",0.008,0.008,0.008,0
"1.2",0.004,0.004,0.004,0
"1.3",0.004,0.004,0.004,0.004
"1.4",0,0.004,0.008,0
"1.5",0,0.008,0.004,0.012
"1.6",0,0,0.004,0.008
"1.7",0.008,0.008,0.004,0
"1.8",0.008,0.008,0.004,0.004
"1.9",0,0.012,0.012,0.008
"2",0,0.004,0.004,0
"2.1",0.008,0,0.004,0.008
"2.2",0,0.004,0.008,0.012
"2.3",0,0,0.004,0.008
"2.4",0.004,0.004,0.004,0
"2.5",0,0,0.004,0.004
"2.6",0.008,0,0.008,0
"2.7",0.004,0.008,0.004,0.012
"2.8",0,0,0,0.008
"2.9",0,0,0.004,0.004
"3",0.004,0,0,0.008
"3.1",0.004,0,0.012,0.004
"3.2",0,0.004,0.004,0.004
"3.3",0.008,0.004,0.004,0.004
"3.4",0.004,0.008,0,0.012
"3.5",0.004,0.004,0.004,0.004
"3.6",0,0.012,0.004,0.008
"3.7",0.008,0,0,0
"3.8",0.008,0.004,0.004,0.012
"3.9",0.004,0.004,0.008,0
"4",0.004,0,0,0.004
"4.1",0,0.004,0.008,0.004
"4.2",0.012,0.004,0.004,0.004
"4.3",0.012,0.008,0,0.004
"4.4",0.004,0.008,0.004,0.004
"4.5",0.004,0,0.004,0.004
"4.6",0.004,0.008,0.008,0
"4.7",0.008,0,0.008,0.004
"4.8",0.004,0.008,0,0.004
"4.9",0.012,0,0.004,0.004
"5",0.004,0,0.004,0.004
"5.1",0.004,0.008,0.008,0
"5.2",0,0.012,0.004,0
"5.3",0,0,0,0
"5.4",0.004,0.008,0,0
"5.5",0.008,0,0,0.004
"5.6",0.012,0.008,0.004,0.004
"5.7",0,0,0,0.008
"5.8",0,0.004,0.004,0
"5.9",0,0.004,0,0.004
"6",0.004,0,0.004,0.004
"6.1",0,0.004,0.016,0
"6.2",0.004,0,0,0
"6.3",0.004,0.004,0.004,0
"6.4",0,0.004,0,0
"6.5",0,0.016,0.004,0.004
"6.6",0.004,0.004,0,0.008
"6.7",0.008,0.008,0.004,0.004
"6.8",0.004,0.008,0,0
"6.9",0,0.004,0,0
"7",0,0.008,0,0
"7.1",0,0,0,0
"7.2",0.004,0.004,0,0.012
"7.3",0.004,0,0.004,0.008
"7.4",0,0.004,0.004,0
"7.5",0.004,0.004,0.004,0
"7.6",0.004,0.004,0,0
"7.7",0,0.008,0.004,0.004
"7.8",0,0,0.004,0
"7.9",0,0.008,0.004,0
"8",0.004,0.004,0,0.004
"8.1",0,0.008,0.004,0.004
"8.2",0,0,0.008,0.012
"8.3",0.004,0,0,0.012
"8.4",0.004,0,0.004,0
"8.5",0.004,0,0.004,0
"8.6",0.004,0,0,0.008
"8.7",0.004,0,0.008,0
"8.8",0.004,0,0.004,0.004
"8.9",0.004,0.004,0,0.004
"9",0.004,0.004,0,0.004
"9.1",0.012,0.004,0.008,0.004
"9.2",0,0.012,0,0
"9.3",0.008,0.004,0.008,0.008
"9.4",0.012,0,0,0.004
"9.5",0.012,0.004,0,0.004
"9.6",0.012,0.008,0,0
"9.7",0.004,0.004,0.004,0.012
"9.8",0,0.008,0,0
"9.9",0.012,0,0.008,0.008
"10",0.004,0.004,0,0.004
"10.1",0,0,0.004,0
"10.2",0,0.004,0.008,0.004
"10.3",0.004,0.004,0.004,0.004
"10.4",0,0,0.012,0
"10.5",0.004,0,0,0.008
"10.6",0.004,0.004,0.004,0.008
"10.7",0.004,0,0.004,0
"10.8",0.004,0.008,0,0
"10.9",0.004,0,0,0.004
"11",0,0.004,0,0
"11.1",0.004,0,0.008,0.008
"11.2",0.004,0.004,0,0.008
"11.3",0.016,0.004,0.004,0
"11.4",0.004,0,0.004,0.004
"11.5",0.004,0,0,0
"11.6",0,0,0.004,0
"11.7",0.004,0,0.008,0.008
"11.8",0,0,0,0
"11.9",0,0,0.004,0.004
"12",0.012,0,0,0.004
"12.1",0,0,0.004,0.004
"12.2",0,0.004,0,0
"12.3",0,0.008,0.004,0
"12.4",0,0.004,0,0
"12.5",0,0.004,0,0
"12.6",0,0.004,0,0
"12.7",0,0,0.004,0
"12.8",0.004,0.008,0.004,0
"12.9",0.008,0.004,0,0.004
"13",0.108,0.156,0.12,0.136
