"","V1","V2","V3","V4"
"0",0,0,0,0
"0.1",0,0,0,0
"0.2",0,0,0,0
"0.3",0,0,0,0
"0.4",0,0,0,0
"0.5",0,0,0,0
"0.6",0,0,0,0
"0.7",0,0,0,0
"0.8",0,0,0,0
"0.9",0,0,0,0
"1",0,0,0,0
"1.1",0,0,0,0
"1.2",0,0,0,0
"1.3",0,0,0,0
"1.4",0,0,0,0
"1.5",0,0,0,0
"1.6",0,0,0,0
"1.7",0,0,0,0
"1.8",0,0,0,0
"1.9",0,0,0,0
"2",0,0,0,0
"2.1",0,0,0,0
"2.2",0,0,0,0
"2.3",0,0,0,0
"2.4",0,0,0,0
"2.5",0,0,0,0
"2.6",0,0,0,0
"2.7",0,0,0,0
"2.8",0,0,0,0
"2.9",0,0,0,0
"3",0,0,0,0
"3.1",0,0,0,0
"3.2",0,0,0,0
"3.3",0,0,0,0
"3.4",0,0,0,0
"3.5",0,0,0,0
"3.6",0,0,0,0
"3.7",0,0,0,0
"3.8",0,0,0,0
"3.9",0,0,0,0
"4",0,0,0,0
"4.1",0,0,0,0
"4.2",0,0,0,0
"4.3",0,0,0,0
"4.4",0,0,0,0
"4.5",0,0,0,0
"4.6",0,0,0,0
"4.7",0,0,0,0
"4.8",0,0,0,0
"4.9",0,0,0,0
"5",0,0,0,0
"5.1",0,0,0,0
"5.2",0,0,0,0
"5.3",0,0,0,0
"5.4",0,0,0,0
"5.5",0,0,0,0
"5.6",0,0,0,0
"5.7",0,0,0,0
"5.8",0,0,0,0
"5.9",0,0,0,0
"6",0,0,0,0
"6.1",0,0,0,0
"6.2",0,0,0,0
"6.3",0,0,0,0
"6.4",0,0,0,0
"6.5",0,0,0,0
"6.6",0,0,0,0
"6.7",0,0,0,0
"6.8",0,0,0,0
"6.9",0,0,0,0
"7",0,0,0,0
"7.1",0,0,0,0
"7.2",0,0,0,0
"7.3",0,0,0,0
"7.4",0,0,0,0
"7.5",0,0,0,0
"7.6",0,0,0,0
"7.7",0,0,0,0
"7.8",0,0,0,0
"7.9",0,0,0,0
"8",0,0,0,0
"8.1",0,0,0,0
"8.2",0,0,0,0
"8.3",0,0,0,0
"8.4",0,0,0,0.008
"8.5",0,0,0,0
"8.6",0,0,0,0
"8.7",0,0,0,0.004
"8.8",0,0,0,0.008
"8.9",0,0,0.004,0.008
"9",0,0,0,0.008
"9.1",0,0,0,0.016
"9.2",0,0,0,0.012
"9.3",0.004,0.004,0.004,0.012
"9.4",0,0.004,0,0.008
"9.5",0,0,0,0.024
"9.6",0,0.004,0,0.024
"9.7",0.004,0,0.004,0.012
"9.8",0,0,0.004,0.028
"9.9",0,0.004,0.008,0.032
"10",0.008,0,0,0.024
"10.1",0.004,0.004,0.016,0.04
"10.2",0,0.004,0.036,0.04
"10.3",0,0.008,0.024,0.044
"10.4",0.004,0.004,0.052,0.036
"10.5",0,0.016,0.028,0.024
"10.6",0.004,0.016,0.036,0.036
"10.7",0.02,0.008,0.024,0.02
"10.8",0.004,0.012,0.024,0.028
"10.9",0.016,0.012,0.016,0.044
"11",0,0.032,0.036,0.044
"11.1",0.008,0.036,0.012,0.032
"11.2",0.008,0.02,0.008,0.04
"11.3",0.024,0.016,0.048,0.048
"11.4",0.032,0.028,0.032,0.028
"11.5",0.028,0.024,0.06,0.04
"11.6",0.024,0.032,0.052,0.02
"11.7",0.04,0.012,0.052,0.024
"11.8",0.02,0.036,0.052,0.016
"11.9",0.028,0.024,0.024,0.024
"12",0.048,0.02,0.028,0.02
"12.1",0.044,0.052,0.048,0.024
"12.2",0.024,0.024,0.036,0.008
"12.3",0.052,0.052,0.016,0.008
"12.4",0.032,0.032,0.008,0.012
"12.5",0.056,0.044,0.028,0.012
"12.6",0.056,0.044,0.036,0.016
"12.7",0.048,0.04,0.024,0.012
"12.8",0.048,0.032,0.016,0
"12.9",0.016,0.036,0.02,0.004
"13",0.296,0.264,0.084,0.028
